filename,0,1,2,3,4,5,6,7,8,9,10,11,12,13,14,15,16,17
Image_1.jpg,0.05383300781217143,0.03454589843728915,0.02893066406232342,0.026672363281087203,0.026428222656088695,0.029296874999821185,0.04302978515598736,0.07006835937457233,0.10321044921812005,0.07086181640581748,0.04364013671848364,0.03314208984354772,0.025939941406091675,0.028137207031078262,0.029357910156070813,0.030273437499815224,0.0551147460934136,0.2675170898421172
Image_103.jpg,0.07769775390577577,0.055175781249663235,0.028503417968576028,0.018371582031137867,0.014526367187411338,0.014160156249913573,0.017700195312391965,0.02368164062485546,0.036071777343529836,0.034912109374786914,0.020690917968623712,0.02416992187485248,0.017822265624891222,0.02026367187487632,0.03424072265604101,0.05029296874969304,0.09271240234318412,0.41900634765369255
Image_118.jpg,0.06518554687460214,0.04681396484346427,0.02966308593731895,0.020812988281122966,0.01904296874988377,0.023010253906109557,0.02801513671857901,0.043090820312236995,0.05303955078092627,0.04833984374970496,0.028564453124825657,0.026306152343589437,0.017272949218644574,0.02410888671860285,0.033386230468546226,0.042785644530988855,0.07702636718702986,0.3735351562477201
Image_108.jpg,0.07092285156206712,0.04095458984350003,0.03686523437477499,0.03521728515603505,0.030761718749812244,0.03350830078104548,0.037475585937271266,0.04705810546846278,0.04962158203094713,0.04638671874971688,0.030883789062311498,0.027893066406079754,0.027648925781081243,0.030944824218561127,0.036010742187280204,0.03753662109352089,0.07025146484332122,0.3100585937481075
Image_112.jpg,0.059631347655886034,0.03729248046852238,0.03521728515603505,0.03375244140604399,0.03320312499979734,0.03698730468727424,0.04229736328099184,0.05566406249966025,0.06951904296832569,0.062072753905871136,0.04016113281225488,0.032409667968552186,0.028076171874828637,0.025878906249842046,0.027099609374834598,0.035034179687286164,0.06335449218711331,0.28234863281077666
Image_107.jpg,0.06146240234337486,0.0419921874997437,0.03234863281230256,0.025695800781093164,0.024841308593598378,0.028625488281075282,0.035644531249782445,0.05505371093716398,0.08813476562446207,0.060791015624628957,0.03857421874976456,0.029846191406067833,0.025268554687345773,0.02459716796859987,0.02990722656231746,0.03515624999978542,0.05676269531215355,0.3052978515606366
Image_110.jpg,0.05468749999966621,0.03979492187475711,0.03570556640603207,0.029235839843571556,0.026367187499839066,0.03454589843728915,0.04302978515598736,0.06390380859335996,0.08929443359320499,0.06103515624962747,0.03796386718726828,0.028564453124825657,0.02655029296858795,0.027587890624831617,0.029724121093568576,0.035095214843535796,0.05773925781214759,0.27917480468579603
Image_1000.jpg,0.044494628905978426,0.030517578124813736,0.026306152343589437,0.02319335937485844,0.02191162109361626,0.029235839843571556,0.03723144531227276,0.08331298828074149,0.1148681640617989,0.0859985351557251,0.05029296874969304,0.03649902343727723,0.022338867187363654,0.024902343749848007,0.024414062499850987,0.02917480468732193,0.05279541015592776,0.2625122070296477
Image_11.jpg,0.04290771484348811,0.030517578124813736,0.029235839843571556,0.029296874999821185,0.026123046874840558,0.02941894531232044,0.042358398437241464,0.08959960937445312,0.1420288085928831,0.08703613281196877,0.04034423828100376,0.030883789062311498,0.02606201171859093,0.02410888671860285,0.02502441406234726,0.029724121093568576,0.047302246093461287,0.22802734374860822
Image_109.jpg,0.05566406249966025,0.03656005859352685,0.02868652343732491,0.02319335937485844,0.01959228515613042,0.02459716796859987,0.031005859374810756,0.045593261718471716,0.04467773437472731,0.05792236328089647,0.03417968749979138,0.04382324218723252,0.026733398437336832,0.029052734374822677,0.03552246093728319,0.04150390624974668,0.09838867187439948,0.3233032226542767
Image_105.jpg,0.07696533203078024,0.05187988281218335,0.03485107421853728,0.025451660156094656,0.021301269531119986,0.024963378906097636,0.02819824218732789,0.033081054687298085,0.038146972656017165,0.029479980468570068,0.02191162109361626,0.018737792968635633,0.018798828124885262,0.023071289062359182,0.033386230468546226,0.049560546874697506,0.08190917968700007,0.38830566406012995
Image_102.jpg,0.0791015624995172,0.051208496093437444,0.03723144531227276,0.027160644531084223,0.025329589843595398,0.026794433593586457,0.027893066406079754,0.036193847656029086,0.04412841796848066,0.031005859374810756,0.02148437499986887,0.019836425781128927,0.019409179687381536,0.02142333984361924,0.03063964843731299,0.050109863280944154,0.08978271484320201,0.361267089841545
Image_111.jpg,0.050964355468438936,0.037048339843523875,0.03411865234354176,0.029296874999821185,0.026123046874840558,0.03173828124980629,0.04150390624974668,0.06970214843707456,0.10272216796812303,0.06677246093709245,0.03656005859352685,0.027404785156082734,0.021362304687369615,0.02075195312487334,0.02459716796859987,0.0339965820310425,0.059692382812135666,0.28564453124825656
Image_106.jpg,0.0488891601559516,0.032531738281051444,0.026855468749836086,0.02386474609360434,0.02362060546860583,0.0322265624998033,0.050109863280944154,0.0953369140619181,0.12097167968676165,0.07324218749955297,0.04028320312475413,0.030883789062311498,0.02508544921859689,0.024414062499850987,0.026306152343589437,0.031555175781057404,0.05438232421841807,0.23944091796728856
Image_113.jpg,0.048828124999701975,0.030700683593562615,0.034667968749788405,0.03387451171854324,0.03417968749979138,0.04205322265599332,0.05059814453094117,0.07897949218701794,0.09307861328068189,0.06463623046835548,0.0388793945310127,0.03375244140604399,0.02819824218732789,0.02893066406232342,0.030822753906061873,0.03204345703105442,0.05175781249968409,0.2440185546860106
Image_104.jpg,0.054626464843416586,0.03582763671853132,0.02893066406232342,0.024963378906097636,0.020202636718626692,0.027343749999833106,0.037475585937271266,0.06988525390582345,0.09521484374941885,0.07690429687453061,0.03930664062476009,0.03424072265604101,0.020690917968623712,0.02246093749986291,0.027893066406079754,0.0371093749997735,0.06335449218711331,0.2835693359357692
Image_117.jpg,0.05004882812469452,0.031982421874804795,0.03302001953104846,0.028991699218573048,0.028320312499827145,0.0364379882810276,0.047119140624712404,0.07501220703079216,0.10784912109309173,0.07550048828078917,0.048156738280956075,0.03515624999978542,0.028869628906073794,0.025939941406091675,0.029052734374822677,0.02941894531232044,0.052246093749681116,0.2368774414048042
Image_114.jpg,0.07385253906204924,0.051940917968432976,0.032714843749800326,0.02099609374987185,0.0166625976561483,0.01953124999988079,0.02124023437487036,0.0377807617185194,0.06097412109337784,0.04663085937471539,0.025695800781093164,0.024230957031102104,0.02172851562486738,0.02026367187487632,0.029724121093568576,0.045166015624724325,0.07714843749952913,0.373718261716469
Image_100.jpg,0.07165527343706264,0.04315185546848662,0.037048339843523875,0.03131103515605889,0.023925781249853968,0.02770996093733087,0.03015136718731597,0.04168701171849556,0.05590820312465876,0.04638671874971688,0.032409667968552186,0.029357910156070813,0.03112792968731001,0.03063964843731299,0.03570556640603207,0.036743164062275735,0.08227539062449783,0.31280517577934075
Image_115.jpg,0.04254150390599035,0.03179931640605591,0.0228881835936103,0.023803710937354713,0.018432617187387496,0.024841308593598378,0.03228759765605293,0.0610961914058771,0.08129882812450379,0.07006835937457233,0.03790283203101866,0.038024902343517915,0.020324707031125946,0.02239990234361328,0.033813476562293616,0.038024902343517915,0.10430908203061334,0.2961425781231925
Image_10.jpg,0.04364013671848364,0.03411865234354176,0.0333251953122966,0.02722167968733385,0.02313232421860881,0.03057861328106336,0.048522949218453834,0.08905029296820648,0.12963867187420874,0.0797729492182631,0.04003906249975562,0.027770996093580497,0.022338867187363654,0.01861572265613638,0.023986816406103596,0.035339355468534304,0.05395507812467068,0.23895263671729153
Image_116.jpg,0.06182861328087263,0.04724121093721166,0.02868652343732491,0.016235351562400906,0.014831542968659475,0.015502929687405378,0.0222167968748644,0.06500244140585325,0.1468505859366037,0.06182861328087263,0.027343749999833106,0.019714355468629673,0.015319824218656495,0.0166625976561483,0.02264404296861179,0.0408935546872504,0.06384277343711033,0.3133544921855874
Image_101.jpg,0.042785644530988855,0.0322265624998033,0.028137207031078262,0.027404785156082734,0.026123046874840558,0.032958984374798835,0.04327392578098588,0.0846557617182333,0.1253662109367348,0.08721923828071765,0.05017089843719378,0.032714843749800326,0.023559570312356202,0.02246093749986291,0.025817871093592418,0.028076171874828637,0.04583740234347023,0.24121093749852776
Image_15.jpg,0.05004882812469452,0.03485107421853728,0.03204345703105442,0.02655029296858795,0.027893066406079754,0.03472900390603803,0.04791259765595756,0.06658935546834356,0.07025146484332122,0.07501220703079216,0.049804687499696014,0.04205322265599332,0.029052734374822677,0.0284423828123264,0.029052734374822677,0.03112792968731001,0.05352783203092329,0.2710571289045956
Image_175.jpg,0.05401611328092031,0.0433349609372355,0.026428222656088695,0.0228881835936103,0.021850585937366634,0.030212402343565595,0.04003906249975562,0.049133300780950115,0.056152343749657274,0.054199218749669195,0.036010742187280204,0.02917480468732193,0.021057128906121478,0.020568847656124458,0.03009033203106634,0.04187011718724444,0.06286621093711629,0.36010742187280204
Image_157.jpg,0.04766845703095905,0.035095214843535796,0.02746582031233236,0.024780273437348753,0.02246093749986291,0.024475097656100616,0.03936767578100972,0.07342529296830184,0.13006591796795614,0.07806396484327353,0.03472900390603803,0.024902343749848007,0.019226074218632653,0.02099609374987185,0.02966308593731895,0.034912109374786914,0.0593261718746379,0.27337646484208145
Image_143.jpg,0.06994628906207308,0.044494628905978426,0.0408935546872504,0.028259277343577516,0.026306152343589437,0.025207519531096144,0.032409667968552186,0.04632568359346725,0.06524658203085176,0.04681396484346427,0.035034179687286164,0.032653808593550694,0.03179931640605591,0.02746582031233236,0.03680419921852536,0.03649902343727723,0.06457519531210586,0.3092651367168624
Image_177.jpg,0.05273437499967813,0.023254394531108065,0.033386230468546226,0.03851318359351493,0.04357910156223401,0.04528808593722358,0.05651855468715503,0.07147216796831377,0.08416748046823627,0.07208251953081005,0.04846191406220421,0.04003906249975562,0.036193847656029086,0.03454589843728915,0.031433105468558147,0.02606201171859093,0.051208496093437444,0.21105957031121178
Image_151.jpg,0.06256103515586815,0.041076660155999284,0.03692626953102462,0.033935546874792874,0.03454589843728915,0.03930664062476009,0.04412841796848066,0.05480957031216547,0.06707763671834059,0.048828124999701975,0.031249999999809264,0.028381347656076774,0.025878906249842046,0.02502441406234726,0.028991699218573048,0.03863525390601419,0.06970214843707456,0.2889404296857364
Image_145.jpg,0.06842041015583239,0.04626464843721762,0.02819824218732789,0.021545410156118498,0.01904296874988377,0.024414062499850987,0.0328979492185492,0.05242919921842999,0.07647705078078322,0.05749511718714907,0.037597656249770524,0.03137207031230852,0.02166748046861775,0.022949218749859928,0.02416992187485248,0.03692626953102462,0.06213378906212076,0.3359985351541992
Image_153.jpg,0.0859985351557251,0.04766845703095905,0.035339355468534304,0.024963378906097636,0.02215576171861477,0.02246093749986291,0.02215576171861477,0.026916503906085715,0.03131103515605889,0.030456542968564107,0.020812988281122966,0.02093505859362222,0.018920898437384516,0.022338867187363654,0.03320312499979734,0.04901123046845086,0.08343505859324075,0.40191650390379685
Image_130.jpg,0.049316406249699,0.032104492187304046,0.030395507812314478,0.03186035156230554,0.030456542968564107,0.03430175781229064,0.043090820312236995,0.07836914062452167,0.13061523437420278,0.0717773437495619,0.03472900390603803,0.030395507812314478,0.02142333984361924,0.02404785156235322,0.03149414062480777,0.031982421874804795,0.05328369140592478,0.24035644531103298
Image_125.jpg,0.03741455078102164,0.035339355468534304,0.01995849609362818,0.018676757812386004,0.01959228515613042,0.02893066406232342,0.03686523437477499,0.07299804687455445,0.11224365234306491,0.10552978515560589,0.04498291015597544,0.02746582031233236,0.01812744140613936,0.01904296874988377,0.025329589843595398,0.03552246093728319,0.05908203124963939,0.2828979492170233
Image_152.jpg,0.053894042968421055,0.03851318359351493,0.02966308593731895,0.025390624999845027,0.02026367187487632,0.02941894531232044,0.03656005859352685,0.05810546874964535,0.06506347656210289,0.05920410156213864,0.03833007812476605,0.036743164062275735,0.018737792968635633,0.024230957031102104,0.029357910156070813,0.04187011718724444,0.0704345703120701,0.32421874999802114
Image_172.jpg,0.058227539062144604,0.04486083984347619,0.02655029296858795,0.024230957031102104,0.023925781249853968,0.02795410156232938,0.03582763671853132,0.0499877929684449,0.06738281249958873,0.053222656249675156,0.033081054687298085,0.025207519531096144,0.02099609374987185,0.017944335937390476,0.02404785156235322,0.04095458984350003,0.06494140624960362,0.3606567382790487
Image_147.jpg,0.04492187499972582,0.027099609374834598,0.028137207031078262,0.03112792968731001,0.037170410156023126,0.046203613280967996,0.055175781249663235,0.08758544921821541,0.10882568359308578,0.08050537109325863,0.05084228515593968,0.04254150390599035,0.032531738281051444,0.029296874999821185,0.024963378906097636,0.022277832031114025,0.04937744140594862,0.20141601562377065
Image_122.jpg,0.03692626953102462,0.02746582031233236,0.01763916015614234,0.01763916015614234,0.01763916015614234,0.021118164062371103,0.02703857421858497,0.04296874999973774,0.05566406249966025,0.07751464843702688,0.029357910156070813,0.04626464843721762,0.021606445312368123,0.02386474609360434,0.03161621093730703,0.04156494140599631,0.16223144531150982,0.3018798828106575
Image_12.jpg,0.0544433593746677,0.03173828124980629,0.03442382812478989,0.02697753906233534,0.023742675781105085,0.02722167968733385,0.039123535156011205,0.07232666015580855,0.10040283203063718,0.08160400390575193,0.04284667968723848,0.032409667968552186,0.024963378906097636,0.02368164062485546,0.027282714843583477,0.0284423828123264,0.06512451171835251,0.2632446289046433
Image_173.jpg,0.07086181640581748,0.04217529296849258,0.02746582031233236,0.02722167968733385,0.026672363281087203,0.032653808593550694,0.03649902343727723,0.050659179687190796,0.06933593749957681,0.04699707031221315,0.030761718749812244,0.026367187499839066,0.023437499999856948,0.022949218749859928,0.02795410156232938,0.04016113281225488,0.06524658203085176,0.33258056640422007
Image_119.jpg,0.04681396484346427,0.033630371093544734,0.021545410156118498,0.016967773437396437,0.013061523437420279,0.02246093749986291,0.029846191406067833,0.05749511718714907,0.09271240234318412,0.07196044921831078,0.030334472656064853,0.0433349609372355,0.021850585937366634,0.025268554687345773,0.03991699218725636,0.04425048828097992,0.11968994140551946,0.268859863279609
Image_176.jpg,0.03961181640600823,0.026428222656088695,0.0260009765623413,0.02557373046859391,0.02435302734360136,0.03790283203101866,0.05072021484344043,0.08624267578072362,0.10845947265558802,0.09686279296815879,0.05279541015592776,0.04345703124973476,0.02966308593731895,0.02990722656231746,0.02746582031233236,0.024475097656100616,0.0520019531246826,0.21807861327991895
Image_18.jpg,0.07159423828081302,0.04272460937473923,0.03131103515605889,0.024230957031102104,0.021118164062371103,0.019897460937378555,0.024902343749848007,0.03741455078102164,0.04986572265594564,0.045166015624724325,0.031249999999809264,0.024719238281099124,0.02239990234361328,0.02453613281235024,0.030273437499815224,0.04254150390599035,0.07495117187454253,0.3811035156226739
Image_128.jpg,0.05004882812469452,0.03320312499979734,0.030334472656064853,0.02990722656231746,0.028808593749824165,0.0364379882810276,0.05114746093718782,0.07708740234327949,0.10717773437434583,0.07519531249954105,0.0440063476559814,0.033081054687298085,0.026306152343589437,0.02508544921859689,0.027404785156082734,0.031249999999809264,0.0531005859371759,0.2404174804672826
Image_140.jpg,0.03173828124980629,0.025695800781093164,0.021545410156118498,0.023803710937354713,0.02197265624986589,0.03472900390603803,0.059692382812135666,0.11956787109302021,0.15356445312406272,0.08721923828071765,0.05175781249968409,0.03326416015604697,0.02191162109361626,0.017395019531143828,0.02099609374987185,0.028808593749824165,0.0451049804684747,0.20123291015502176
Image_131.jpg,0.06988525390582345,0.04388427734348215,0.03796386718726828,0.03179931640605591,0.026184082031090183,0.02966308593731895,0.03515624999978542,0.04638671874971688,0.05908203124963939,0.04693603515596352,0.030700683593562615,0.028320312499827145,0.02459716796859987,0.028991699218573048,0.03680419921852536,0.03918457031226084,0.06829833984333314,0.31616210937307027
Image_178.jpg,0.06182861328087263,0.041381835937247424,0.030822753906061873,0.02197265624986589,0.023315429687357694,0.029724121093568576,0.031982421874804795,0.05743408203089945,0.07983398437451272,0.06042480468713119,0.030517578124813736,0.02362060546860583,0.01855468749988675,0.0222167968748644,0.025390624999845027,0.04187011718724444,0.06317138671836443,0.3359374999979496
Image_16.jpg,0.06512451171835251,0.04364013671848364,0.03192138671855516,0.025207519531096144,0.019653320312380044,0.02197265624986589,0.025207519531096144,0.05181884765593372,0.07781982421827502,0.05694580078090243,0.030761718749812244,0.0222167968748644,0.018920898437384516,0.02026367187487632,0.0284423828123264,0.04315185546848662,0.06835937499958276,0.3485717773416225
Image_169.jpg,0.04101562499974966,0.030761718749812244,0.022094726562365143,0.023071289062359182,0.025695800781093164,0.03228759765605293,0.05059814453094117,0.09197998046818859,0.12121582031176015,0.08447265624948441,0.04870605468720272,0.03417968749979138,0.022949218749859928,0.02050781249987483,0.02362060546860583,0.026184082031090183,0.04315185546848662,0.2575073242171783
Image_124.jpg,0.06939697265582644,0.04260253906223997,0.0377807617185194,0.029296874999821185,0.02453613281235024,0.02557373046859391,0.029296874999821185,0.04748535156221017,0.06738281249958873,0.03839111328101568,0.02050781249987483,0.021057128906121478,0.019226074218632653,0.025817871093592418,0.03247070312480181,0.04803466796845682,0.07495117187454253,0.346191406247887
Image_129.jpg,0.07464599609329439,0.047180175780962036,0.0388793945310127,0.033386230468546226,0.027832031249830125,0.028259277343577516,0.03179931640605591,0.04028320312475413,0.051940917968432976,0.04168701171849556,0.03411865234354176,0.030944824218561127,0.028320312499827145,0.03057861328106336,0.03826904296851642,0.041381835937247424,0.0686645507808309,0.31182861327934674
Image_155.jpg,0.061340332030875605,0.03857421874976456,0.037719726562269774,0.02703857421858497,0.027648925781081243,0.027160644531084223,0.036193847656029086,0.050537109374691545,0.07226562499955892,0.05413818359341956,0.03472900390603803,0.02697753906233534,0.02166748046861775,0.024902343749848007,0.03387451171854324,0.041809082030994815,0.06646728515584431,0.31695556640431544
Image_135.jpg,0.046569824218465755,0.04425048828097992,0.024291992187351733,0.021606445312368123,0.022827148437360674,0.030334472656064853,0.03472900390603803,0.06072998046837933,0.10571289062435478,0.08721923828071765,0.03454589843728915,0.02386474609360434,0.02166748046861775,0.019897460937378555,0.02746582031233236,0.04101562499974966,0.059692382812135666,0.2935791015607081
Image_171.jpg,0.05090332031218931,0.03234863281230256,0.029968261718567087,0.026367187499839066,0.02264404296861179,0.031005859374810756,0.03851318359351493,0.061340332030875605,0.0635375976558622,0.08349609374949038,0.04675292968721464,0.04162597656224593,0.02655029296858795,0.025939941406091675,0.03137207031230852,0.03594970703103058,0.07025146484332122,0.28143310546703226
Image_142.jpg,0.05126953124968708,0.03906249999976158,0.024780273437348753,0.025268554687345773,0.018859863281134887,0.025817871093592418,0.03967285156225785,0.06713867187459022,0.09014892578069977,0.07800292968702391,0.04260253906223997,0.027282714843583477,0.017395019531143828,0.019348144531131907,0.02514648437484652,0.04144287109349705,0.062072753905871136,0.3046874999981403
Image_164.jpg,0.04791259765595756,0.03839111328101568,0.029357910156070813,0.024291992187351733,0.020629882812374083,0.025695800781093164,0.04174804687474519,0.08135986328075341,0.1248779296867378,0.08697509765571915,0.04669189453096501,0.028381347656076774,0.024414062499850987,0.024291992187351733,0.028076171874828637,0.03179931640605591,0.04736328124971092,0.2477416992172379
Image_156.jpg,0.059387207030887526,0.04388427734348215,0.03356933593729511,0.02368164062485546,0.022583007812362162,0.02722167968733385,0.03540039062478393,0.06097412109337784,0.09704589843690767,0.05651855468715503,0.0284423828123264,0.024902343749848007,0.01995849609362818,0.024475097656100616,0.03448486328103952,0.04058837890600227,0.06286621093711629,0.30401611327939443
Image_136.jpg,0.06683349609334208,0.05523681640591286,0.024291992187351733,0.017944335937390476,0.013854980468665436,0.021301269531119986,0.022949218749859928,0.0333251953122966,0.03417968749979138,0.033935546874792874,0.023559570312356202,0.025817871093592418,0.01812744140613936,0.02386474609360434,0.0322265624998033,0.04791259765595756,0.10028076171813793,0.404357910153782
Image_138.jpg,0.04229736328099184,0.03552246093728319,0.023986816406103596,0.023498535156106577,0.023559570312356202,0.03326416015604697,0.05090332031218931,0.08312988281199261,0.10327148437436967,0.08276367187449485,0.04772949218720868,0.030334472656064853,0.022094726562365143,0.023498535156106577,0.028320312499827145,0.03204345703105442,0.04907226562470048,0.26470947265463435
Image_149.jpg,0.04382324218723252,0.031433105468558147,0.028625488281075282,0.024963378906097636,0.024780273437348753,0.03485107421853728,0.04907226562470048,0.08111572265575491,0.09472656249942184,0.09191894531193896,0.056701660155903916,0.038146972656017165,0.027282714843583477,0.026245117187339812,0.02514648437484652,0.02606201171859093,0.045471191405972465,0.24963378906097636
Image_144.jpg,0.04748535156221017,0.036193847656029086,0.0246582031248495,0.018737792968635633,0.016906738281146808,0.02557373046859391,0.03387451171854324,0.05297851562467664,0.06964111328082494,0.06719970703083984,0.04064941406225189,0.04528808593722358,0.02722167968733385,0.03179931640605591,0.036193847656029086,0.03625488281227872,0.1124267578118138,0.2769165039045598
Image_133.jpg,0.086669921874471,0.05566406249966025,0.02655029296858795,0.017395019531143828,0.01611328124990165,0.016906738281146808,0.02026367187487632,0.024780273437348753,0.03924560546851046,0.03173828124980629,0.0197753906248793,0.020690917968623712,0.014648437499910592,0.018737792968635633,0.026733398437336832,0.05126953124968708,0.07995605468701199,0.432861328122358
Image_134.jpg,0.04052734374975264,0.028991699218573048,0.025756835937342792,0.022521972656112537,0.026672363281087203,0.031005859374810756,0.04553222656222209,0.08081054687450677,0.12518310546798594,0.08416748046823627,0.04632568359346725,0.04205322265599332,0.025756835937342792,0.02459716796859987,0.027832031249830125,0.029846191406067833,0.05566406249966025,0.23675537109230496
Image_159.jpg,0.05035400390594266,0.038696289062263814,0.026123046874840558,0.02746582031233236,0.02514648437484652,0.03057861328106336,0.0402221679685045,0.0657958984370984,0.10174560546812898,0.0733032226558026,0.037597656249770524,0.025878906249842046,0.022827148437360674,0.02453613281235024,0.026794433593586457,0.03460693359353877,0.0686645507808309,0.27966308593579303
Image_167.jpg,0.0722045898433093,0.04528808593722358,0.034362792968540265,0.026794433593586457,0.02416992187485248,0.02435302734360136,0.02893066406232342,0.032653808593550694,0.04345703124973476,0.03948974609350897,0.026428222656088695,0.022583007812362162,0.02148437499986887,0.025817871093592418,0.03417968749979138,0.04650878906221613,0.07653808593703285,0.37475585937271266
Image_123.jpg,0.0433349609372355,0.03192138671855516,0.03277587890604995,0.027099609374834598,0.0228881835936103,0.02819824218732789,0.044616699218477676,0.0933227539056804,0.16235351562400907,0.095520019530667,0.037170410156023126,0.023498535156106577,0.015380859374906122,0.017272949218644574,0.023010253906109557,0.030395507812314478,0.0513305664059367,0.21990966796740777
Image_146.jpg,0.04339599609348513,0.03057861328106336,0.01617431640615128,0.013122558593669906,0.010009765624938905,0.015991210937402398,0.020629882812374083,0.037719726562269774,0.043090820312236995,0.060791015624628957,0.0228881835936103,0.0482177734372057,0.01757812499989271,0.02172851562486738,0.030883789062311498,0.04681396484346427,0.19860839843628778,0.321777343748036
Image_132.jpg,0.014648437499910592,0.015808105468653515,0.011718749999928474,0.01275634765617214,0.01184082031242773,0.021850585937366634,0.028991699218573048,0.04833984374970496,0.05450439453091733,0.08001708984326161,0.02960205078106932,0.05920410156213864,0.020812988281122966,0.02197265624986589,0.02819824218732789,0.030517578124813736,0.3219604492167849,0.18725585937385708
Image_158.jpg,0.06707763671834059,0.04876708984345235,0.03137207031230852,0.025268554687345773,0.01995849609362818,0.02319335937485844,0.031433105468558147,0.05169677734343447,0.06451416015585623,0.05157470703093521,0.032958984374798835,0.03131103515605889,0.02459716796859987,0.023315429687357694,0.03649902343727723,0.0419921874997437,0.06646728515584431,0.328002929685498
Image_166.jpg,0.052246093749681116,0.036743164062275735,0.03112792968731001,0.02819824218732789,0.027404785156082734,0.03356933593729511,0.04156494140599631,0.06683349609334208,0.08392333984323777,0.05792236328089647,0.03839111328101568,0.032958984374798835,0.027770996093580497,0.02801513671857901,0.031188964843559635,0.03582763671853132,0.055847167968409134,0.29046630859197714
Image_120.jpg,0.055603027343410626,0.035644531249782445,0.031249999999809264,0.028259277343577516,0.023986816406103596,0.03063964843731299,0.04217529296849258,0.06970214843707456,0.10815429687433988,0.07391357421829886,0.038696289062263814,0.030456542968564107,0.02514648437484652,0.02502441406234726,0.02557373046859391,0.0322265624998033,0.05407714843716994,0.26947021484210526
Image_161.jpg,0.06842041015583239,0.04986572265594564,0.03350830078104548,0.023742675781105085,0.018859863281134887,0.021057128906121478,0.028381347656076774,0.04125976562474817,0.060363769530881566,0.053588867187172914,0.02966308593731895,0.023925781249853968,0.02001953124987781,0.024963378906097636,0.0322265624998033,0.04284667968723848,0.06884765624957978,0.35845947265406214
Image_181.jpg,0.03894042968726232,0.036621093749776484,0.028381347656076774,0.02197265624986589,0.018005371093640102,0.02508544921859689,0.03765869140602015,0.0786743164057698,0.11114501953057163,0.09509277343691959,0.04681396484346427,0.0440063476559814,0.023559570312356202,0.02416992187485248,0.02893066406232342,0.029968261718567087,0.06469726562460512,0.24627685546724684
Image_126.jpg,0.06237792968711927,0.04455566406222805,0.03320312499979734,0.027648925781081243,0.026428222656088695,0.027832031249830125,0.03594970703103058,0.051635742187184835,0.06457519531210586,0.04937744140594862,0.031555175781057404,0.02770996093733087,0.02093505859362222,0.02001953124987781,0.03057861328106336,0.04345703124973476,0.07037353515582047,0.3317871093729749
Image_141.jpg,0.05639648437465578,0.030517578124813736,0.03430175781229064,0.03063964843731299,0.02703857421858497,0.035095214843535796,0.042358398437241464,0.07324218749955297,0.11230468749931455,0.07989501953076236,0.04101562499974966,0.03424072265604101,0.03015136718731597,0.031188964843559635,0.031249999999809264,0.0246582031248495,0.0520019531246826,0.23370361327982359
Image_179.jpg,0.07012939453082197,0.04101562499974966,0.038452148437265306,0.03527832031228468,0.031555175781057404,0.03063964843731299,0.041381835937247424,0.04772949218720868,0.05114746093718782,0.04071044921850152,0.030883789062311498,0.026428222656088695,0.026794433593586457,0.029357910156070813,0.03527832031228468,0.04241943359349109,0.06628417968709543,0.31451416015433037
Image_150.jpg,0.03558349609353281,0.03161621093730703,0.022827148437360674,0.02026367187487632,0.018676757812386004,0.028381347656076774,0.051513671874685585,0.10186767578062825,0.14160156249913572,0.10906982421808428,0.05230712890593074,0.03247070312480181,0.024230957031102104,0.019836425781128927,0.02508544921859689,0.024475097656100616,0.043518066405984386,0.2166748046861775
Image_14.jpg,0.04962158203094713,0.029357910156070813,0.028259277343577516,0.03149414062480777,0.03350830078104548,0.04492187499972582,0.0544433593746677,0.07318115234330333,0.08355712890574,0.06762695312458723,0.04296874999973774,0.039001464843511954,0.02917480468732193,0.029846191406067833,0.02917480468732193,0.029052734374822677,0.05206298828093223,0.25274658202970735
Image_174.jpg,0.058227539062144604,0.042785644530988855,0.034790039062287656,0.03228759765605293,0.028747558593574536,0.032958984374798835,0.036621093749776484,0.05297851562467664,0.06842041015583239,0.057556152343398705,0.03161621093730703,0.02722167968733385,0.022094726562365143,0.022766113281111045,0.03204345703105442,0.04016113281225488,0.06811523437458425,0.3106079101543542
Image_148.jpg,0.057678222655897955,0.044738769530976934,0.03790283203101866,0.03283691406229958,0.027770996093580497,0.02703857421858497,0.03796386718726828,0.057556152343398705,0.07135009765581452,0.04724121093721166,0.027282714843583477,0.02172851562486738,0.020690917968623712,0.025756835937342792,0.03552246093728319,0.04193115234349407,0.0733032226558026,0.31170654296684747
Image_139.jpg,0.052490234374679624,0.035095214843535796,0.021362304687369615,0.015747070312403886,0.01159667968742922,0.015197753906157239,0.019226074218632653,0.03204345703105442,0.04962158203094713,0.059692382812135666,0.01947021484363116,0.04522705078097396,0.017272949218644574,0.020568847656124458,0.03063964843731299,0.04479980468722656,0.17407226562393754,0.3358764648417
Image_170.jpg,0.04986572265594564,0.0371093749997735,0.02795410156232938,0.02606201171859093,0.02508544921859689,0.031433105468558147,0.03741455078102164,0.06372070312461107,0.11676025390553735,0.08648681640572212,0.04058837890600227,0.029052734374822677,0.02386474609360434,0.02453613281235024,0.027099609374834598,0.03350830078104548,0.05413818359341956,0.26531982421713063
Image_165.jpg,0.04797363281220719,0.029968261718567087,0.02966308593731895,0.025268554687345773,0.023437499999856948,0.030517578124813736,0.04028320312475413,0.07104492187456637,0.09350585937442928,0.08996582031195088,0.05212402343718186,0.04296874999973774,0.029785156249818204,0.023986816406103596,0.029235839843571556,0.029968261718567087,0.058227539062144604,0.25207519531096145
Image_154.jpg,0.05371093749967217,0.0284423828123264,0.03430175781229064,0.032958984374798835,0.040100097656005244,0.04779052734345831,0.05859374999964237,0.07257080078080706,0.08428955078073554,0.0655517578120999,0.04522705078097396,0.030822753906061873,0.02941894531232044,0.026855468749836086,0.030273437499815224,0.030517578124813736,0.0544433593746677,0.23413085937357098
Image_160.jpg,0.046569824218465755,0.03161621093730703,0.029968261718567087,0.02514648437484652,0.02362060546860583,0.0284423828123264,0.04125976562474817,0.08209228515574894,0.14270019531162903,0.0853271484369792,0.04772949218720868,0.03979492187475711,0.025817871093592418,0.02606201171859093,0.026123046874840558,0.02722167968733385,0.04833984374970496,0.22216796874864397
Image_17.jpg,0.04248046874974072,0.032714843749800326,0.023437499999856948,0.022277832031114025,0.01849365234363712,0.023925781249853968,0.031555175781057404,0.044738769530976934,0.03546142578103356,0.04760742187470943,0.0191040039061334,0.042114257812242956,0.017211914062394945,0.017517089843643082,0.026611328124837578,0.03930664062476009,0.2586669921859212,0.25677490234218275
Image_137.jpg,0.03698730468727424,0.03558349609353281,0.025268554687345773,0.02166748046861775,0.0191040039061334,0.026184082031090183,0.03057861328106336,0.05029296874969304,0.04901123046845086,0.06408691406210884,0.027160644531084223,0.04626464843721762,0.019409179687381536,0.02026367187487632,0.03057861328106336,0.0377807617185194,0.1423950195303809,0.3173828124980628
Image_163.jpg,0.07122802734331525,0.046569824218465755,0.03192138671855516,0.02404785156235322,0.02404785156235322,0.03057861328106336,0.0408935546872504,0.05920410156213864,0.0657958984370984,0.054199218749669195,0.03417968749979138,0.030334472656064853,0.023803710937354713,0.023010253906109557,0.02404785156235322,0.03924560546851046,0.06713867187459022,0.3097534179668594
Image_13.jpg,0.038696289062263814,0.028259277343577516,0.020324707031125946,0.020324707031125946,0.018920898437384516,0.03063964843731299,0.05810546874964535,0.10534667968685701,0.14813232421784586,0.1044311523431126,0.0537719726559218,0.02795410156232938,0.018920898437384516,0.01849365234363712,0.022277832031114025,0.026306152343589437,0.04174804687474519,0.21734619140492342
Image_168.jpg,0.05297851562467664,0.04388427734348215,0.025329589843595398,0.01947021484363116,0.014648437499910592,0.02172851562486738,0.029785156249818204,0.04693603515596352,0.06530761718710139,0.055725097655909876,0.03552246093728319,0.03283691406229958,0.0228881835936103,0.028991699218573048,0.03784179687476903,0.040100097656005244,0.08337402343699112,0.3426513671854086
Image_180.jpg,0.05810546874964535,0.034912109374786914,0.03881835937476307,0.03515624999978542,0.03521728515603505,0.04174804687474519,0.045471191405972465,0.058532714843392744,0.06860351562458128,0.058959960937140135,0.039978027343505994,0.03692626953102462,0.0322265624998033,0.03320312499979734,0.035644531249782445,0.031555175781057404,0.05596923828090839,0.2589721679671693
Image_127.jpg,0.07617187499953508,0.04388427734348215,0.044067382812231035,0.03234863281230256,0.030822753906061873,0.02801513671857901,0.02868652343732491,0.03668212890602611,0.04669189453096501,0.034667968749788405,0.02459716796859987,0.02337646484360732,0.020812988281122966,0.026855468749836086,0.03796386718726828,0.04608154296846874,0.07879638671826907,0.339477539060428
Image_162.jpg,0.04724121093721166,0.03613281249977946,0.025878906249842046,0.02386474609360434,0.019714355468629673,0.027587890624831617,0.03930664062476009,0.06762695312458723,0.07550048828078917,0.07788085937452464,0.054199218749669195,0.04345703124973476,0.02563476562484354,0.0246582031248495,0.02893066406232342,0.031555175781057404,0.05871582031214163,0.29211425781071704
Image_121.jpg,0.06323242187461406,0.045166015624724325,0.03106689453106038,0.02362060546860583,0.0228881835936103,0.02435302734360136,0.029479980468570068,0.05413818359341956,0.09063720703069679,0.06005859374963343,0.02917480468732193,0.02435302734360136,0.022033691406115517,0.024780273437348753,0.0284423828123264,0.03948974609350897,0.06384277343711033,0.3232421874980271
Image_213.jpg,0.04241943359349109,0.02722167968733385,0.025695800781093164,0.02410888671860285,0.0246582031248495,0.03137207031230852,0.04541015624972284,0.09478759765567146,0.12622070312422962,0.08978271484320201,0.04241943359349109,0.03497314453103654,0.024230957031102104,0.0260009765623413,0.028259277343577516,0.027099609374834598,0.07269287109330631,0.2126464843737021
Image_187.jpg,0.07348632812455147,0.043762207030982894,0.037475585937271266,0.028747558593574536,0.030883789062311498,0.02819824218732789,0.0322265624998033,0.041381835937247424,0.05047607421844191,0.04870605468720272,0.036621093749776484,0.034057617187292125,0.028137207031078262,0.031433105468558147,0.034667968749788405,0.03588867187478095,0.06292724609336592,0.32092285156054123
Image_225.jpg,0.048278808593455326,0.032531738281051444,0.026184082031090183,0.019714355468629673,0.02050781249987483,0.024475097656100616,0.04071044921850152,0.08245849609324671,0.1275024414054718,0.0815429687495023,0.0395507812497586,0.02557373046859391,0.02093505859362222,0.01898193359363414,0.025939941406091675,0.03411865234354176,0.05371093749967217,0.2772827148420576
Image_240.jpg,0.06439208984335698,0.04901123046845086,0.03131103515605889,0.018920898437384516,0.01708984374989569,0.020141601562377064,0.02502441406234726,0.04797363281220719,0.09484863281192109,0.05810546874964535,0.030822753906061873,0.027404785156082734,0.02313232421860881,0.026672363281087203,0.03234863281230256,0.036193847656029086,0.06427001953085773,0.33233642577922157
Image_234.jpg,0.08483886718698218,0.05505371093716398,0.032104492187304046,0.023315429687357694,0.017028808593646062,0.017761230468641594,0.020690917968623712,0.022094726562365143,0.023925781249853968,0.024780273437348753,0.019714355468629673,0.02001953124987781,0.015747070312403886,0.021545410156118498,0.031433105468558147,0.050659179687190796,0.09771728515565357,0.42156982421617695
Image_200.jpg,0.04248046874974072,0.027343749999833106,0.022521972656112537,0.02514648437484652,0.02099609374987185,0.030395507812314478,0.04937744140594862,0.08630371093697324,0.11956787109302021,0.10412597656186447,0.053894042968421055,0.03356933593729511,0.0222167968748644,0.019836425781128927,0.023254394531108065,0.028991699218573048,0.05352783203092329,0.23645019531105682
Image_243.jpg,0.04864501953095309,0.036621093749776484,0.031677246093556655,0.02606201171859093,0.026428222656088695,0.03356933593729511,0.04467773437472731,0.07769775390577577,0.11468505859305002,0.06964111328082494,0.04003906249975562,0.030944824218561127,0.029052734374822677,0.031555175781057404,0.03149414062480777,0.03015136718731597,0.047851562499707935,0.24920654296722894
Image_219.jpg,0.028808593749824165,0.027343749999833106,0.016784667968647554,0.013854980468665436,0.01251220703117363,0.01861572265613638,0.02239990234361328,0.03680419921852536,0.049560546874697506,0.0791015624995172,0.03637695312477797,0.058654785155891995,0.02416992187485248,0.021606445312368123,0.028564453124825657,0.03314208984354772,0.2499999999984741,0.24169921874852476
Image_211.jpg,0.07739257812452763,0.04895019531220123,0.034667968749788405,0.02655029296858795,0.025329589843595398,0.023071289062359182,0.027770996093580497,0.032653808593550694,0.03686523437477499,0.03417968749979138,0.0228881835936103,0.023010253906109557,0.019409179687381536,0.02313232421860881,0.032409667968552186,0.045166015624724325,0.08038330078075938,0.386169433591393
Image_196.jpg,0.0568847656246528,0.03204345703105442,0.0364379882810276,0.03259277343730107,0.03808593749976754,0.04254150390599035,0.050231933593443405,0.0610961914058771,0.08074951171825714,0.0599975585933838,0.03741455078102164,0.03302001953104846,0.026306152343589437,0.026794433593586457,0.031555175781057404,0.03857421874976456,0.05914306640588902,0.25653076171718425
Image_237.jpg,0.0568847656246528,0.03497314453103654,0.0377807617185194,0.029846191406067833,0.027770996093580497,0.034912109374786914,0.04296874999973774,0.06311035156211481,0.08209228515574894,0.06884765624957978,0.04431152343722954,0.0333251953122966,0.02697753906233534,0.02514648437484652,0.028991699218573048,0.03179931640605591,0.05493164062466472,0.2753295898420695
Image_22.jpg,0.048278808593455326,0.03753662109352089,0.02941894531232044,0.022949218749859928,0.019226074218632653,0.027282714843583477,0.04388427734348215,0.08032226562450975,0.11944580078052096,0.08312988281199261,0.03979492187475711,0.028137207031078262,0.018798828124885262,0.016845703124897183,0.021789550781117006,0.03216552734355368,0.05706787109340168,0.27392578124832806
